Epoch: 0, train loss: 124.18997236825888, train_mAP: 6.280536035774276e-05
Epoch: 0, valid loss: 124.18997236825888, valid_mAP: 6.280536035774276e-05
Epoch: 1, train loss: 63.349815905672834, train_mAP: 1.8174407614424126e-06
Epoch: 1, valid loss: 63.349815905672834, valid_mAP: 1.8174407614424126e-06
