Epoch: 0, train loss: 132.8192187374078, train_mAP: 0.0
Epoch: 0, valid loss: 41.895655155181885, valid_mAP: 0.0
Epoch: 1, train loss: 56.65646464153401, train_mAP: 5.348615377442911e-05
Epoch: 1, valid loss: 30.75078821182251, valid_mAP: 0.0019841264002025127
